MiniMadrid 50 2000 1142
106 169 211
100 160 199
27 50 53
22 43 43
31 56 61
15 32 29
51 86 101
110 175 219
40 70 79
117 185 233
67 110 133
53 89 105
67 110 133
20 40 39
24 46 47
23 44 45
23 44 45
113 179 225
10 25 19
84 136 167
42 73 83
16 34 31
50 85 99
22 43 43
60 100 119
70 115 139
58 97 115
55 92 109
22 43 43
39 68 77
61 101 121
91 146 181
37 65 73
75 122 149
62 103 123
30 55 59
105 167 209
109 173 217
87 140 173
20 40 39
81 131 161
119 188 237
28 52 55
11 26 21
70 115 139
59 98 117
46 79 91
109 173 217
67 110 133
92 148 183